label: "MVSEC-DAVIS"
id: mvsec_davis_left_right
cameras:
- camera:
    label: dvs          # sol DAVIS (cam0)
    id: 0
    line-delay-nanoseconds: 0
    image_height: 260
    image_width: 346
    type: pinhole
    intrinsics:
      cols: 1
      rows: 4
      data: [226.38018519795807, 226.15002947047415, 173.6470807871759, 133.73271487507847]  # fx, fy, cx, cy
    distortion:
      type: equidistant
      parameters:
        cols: 1
        rows: 4
        data: [-0.048031442223833355, 0.011330957517194437, -0.055378166304281135, 0.021500973881459395]
  T_B_C:
    cols: 4
    rows: 4
    data: [
      0.9998771896957381, -0.015128404695721132, -0.004091075349566317, -0.002760732198752687,
      0.015081690576531692,  0.9998233340761795, -0.011217987615716542, -0.001652095229536009,
      0.004260062852482415,  0.011154909598696812,  0.99992871,        -0.017829494499329843,
      0.0,                   0.0,                   0.0,                 1.0
    ]

- camera:
    label: standard     # sağ DAVIS (cam1) — istersen 'dvs_right' yapabiliriz
    id: 1
    line-delay-nanoseconds: 0
    image_height: 260
    image_width: 346
    type: pinhole
    intrinsics:
      cols: 1
      rows: 4
      data: [226.0181418548734, 225.7869434267677, 174.5433576736815, 124.21627572590607]
    distortion:
      type: equidistant
      parameters:
        cols: 1
        rows: 4
        data: [-0.04846669832871334, 0.010092844338123635, -0.04293073765014637, 0.005194706897326005]
  T_B_C:
    cols: 4
    rows: 4
    data: [
      0.9999459669775138, -0.002658051013083418,  -0.010049770654903653, -0.10052351879548456,
      0.002628365498611729, 0.9999921475216119,   -0.0029659045702786734, -0.002149609013368439,
      0.01005757526494452,  0.0029393298430320275, 0.9999451012529955,   -0.01780039434280798,
      0.0,                  0.0,                   0.0,                    1.0
    ]

# (Opsiyonel) Lidar -> Sol DAVIS kamera (cam0) dönüşümü; gerekiyorsa ayrı bir blokta kullan:
T_C0_L:
  cols: 4
  rows: 4
  data: [
    0.01140786, -0.99985524,  0.01262402,  0.03651404,
    0.04312291, -0.01212116, -0.99899624, -0.08637514,
    0.99900464,  0.0119408,   0.04297839, -0.12882002,
    0.0,         0.0,         0.0,         1.0
  ]

